   2     1       1        1    21  1 1        1       19 05 22  - 27 02   120.162  -15.39   10.13  22 04 10
   1  21    1     12 1 11 1    11 1  1 1              19 05 37  - 27 02   120.163  -15.44   10.16  22 04 25
   1  1     1  2 1 1 1 1    11 1111   1      1        19 05 49  - 27 02   120.163  -15.48   10.18  22 04 37
  2 1    1        1    1  11 11  1   1                19 06 01  - 27 02   120.164  -15.52   10.19  22 04 49
 12    1   1   1       1      1111   1                19 06 13  - 27 02   120.164  -15.56   10.21  22 05 01
    1  1     1 11 1  1 1   1   111211                 19 06 25  - 27 02   120.164  -15.60   10.23  22 05 13
   12 21    1  21    1 1 1     11 21      2    1      19 06 37  - 27 02   120.165  -15.64   10.25  22 05 25
   2  21    1  2 111   11       1 2 1        1        19 06 49  - 27 02   120.165  -15.68   10.27  22 05 37
      21             11   1    11221  1      1        19 07 01  - 27 02   120.166  -15.72   10.28  22 05 49
    1 2      1   1  1     11     11   1   1           19 07 13  - 27 02   120.166  -15.76   10.30  22 06 01
  11  2       1   2       11 11112     1     1   1    19 07 25  - 27 02   120.166  -15.81   10.32  22 06 13
 1  1 11       111 2  1 1  1    111    1       1      19 07 37  - 27 02   120.167  -15.85   10.34  22 06 25
  2    1    1      1      11  1111   1 1        11    19 07 49  - 27 02   120.167  -15.89   10.36  22 06 37
  12  1                                  1            19 08 01  - 27 02   120.162  -15.93   10.37  22 06 49
    1          1  11             11  1 1  1 11 1 1    19 08 13  - 27 02   120.168  -15.97   10.39  22 07 01
       1     2   113  1               1               19 08 25  - 27 02   120.168  -16.01   10.41  22 07 13
  1  111       111   1 2   1    11  1  1    11 1      19 08 37  - 27 02   120.169  -16.05   10.43  22 07 25
   1 11        1  2              1           1        19 08 49  - 27 02   120.169  -16.09   10.45  22 07 37
   11 21  1 1  1                  1     2  1     1    19 09 01  - 27 02   120.169  -16.13   10.46  22 07 49
12  1  1 41 2  211 1   1  1    1         1  1         19 09 13  - 27 02   120.170  -16.18   10.48  22 08 01
  221        1 11 11  11           1  11 1       1    19 09 25  - 27 02   120.170  -16.22   10.50  22 08 13
  312    1                1        11  1     1        19 09 37  - 27 02   120.170  -16.26   10.52  22 08 25
1  3     1  1    122   1  1   1   1   1     1         19 09 49  - 27 02   120.171  -16.30   10.54  22 08 37
1 31  41     1     2   1      1  1111                 19 10 01  - 27 02   120.171  -16.34   10.55  22 08 49
  12212        1   1    1     1 12                    19 10 13  - 27 02   120.172  -16.38   10.57  22 09 01
   21 23     1 1 1 1     1        21      1  1        19 10 25  - 27 02   120.172  -16.42   10.59  22 09 13
  6 3 1    111       1  11 1    2 1   1 1   2         19 10 37  - 27 02   120.172  -16.46   10.61  22 09 25
   11       1  1   1        11              1   1     19 10 49  - 27 02   120.173  -16.50   10.63  22 09 37
  211          2   2    1 1   1                       19 11 01  - 27 02   120.173  -16.55   10.64  22 09 49
  211 11    2  1 11       1   1111   11               19 11 13  - 27 02   120.173  -16.59   10.66  22 10 01
 12   11 1  2 11  2111 1  1    12 1              1    19 11 25  - 27 02   120.174  -16.63   10.68  22 10 12
 21         1  111        1  1 1      1     1  1      19 11 37  - 27 02   120.174  -16.67   10.70  22 10 24
   1        11 211    111 1   1  112 11  1       1    19 11 49  - 27 02   120.175  -16.71   10.71  22 10 36
   1  1     1  2       11     211 21  1               19 12 01  - 27 02   120.175  -16.75   10.73  22 10 48
   21  1    1  1   2      1   111  11 1               19 12 13  - 27 02   120.175  -16.79   10.75  22 11 00
  1         1  11111            1    1  1             19 12 25  - 27 02   120.176  -16.83   10.77  22 11 12
  212             1              1  2                 19 12 37  - 27 02   120.176  -16.87   10.79  22 11 24
        1   1  2  11 11   1    1 1111111 2            19 12 49  - 27 02   120.176  -16.92   10.80  22 11 36
  2   11    11     1  1          1 111       1 1      19 13 00  - 27 02   120.177  -16.95   10.82  22 11 47
 1 11          1  111         1    111     111        19 13 12  - 27 02   120.177  -16.99   10.84  22 11 59
  1111  111    1   1  1     1      112      11        19 13 24  - 27 02   120.177  -17.04   10.86  22 12 11
               1     1 1 1      22  211 22 111        19 13 36  - 27 02   120.178  -17.08   10.87  22 12 23
      1        1 1 1               2121 313 21        19 13 48  - 27 02   120.178  -17.12   10.89  22 12 35
  11 13 1          2  11            111 22211 11      19 14 00  - 27 02   120.179  -17.16   10.91  22 12 47
  11  2        1   2            1   11       1        19 14 12  - 27 02   120.179  -17.20   10.93  22 12 59
   11 3        1 15             11  21     1  1       19 14 24  - 27 02   120.179  -17.24   10.94  22 13 11
1 111 11    1                11 11         1          19 14 36  - 27 03   120.180  -17.28   10.96  22 13 23
      1                    2      1   1     11 2      19 14 48  - 27 03   120.180  -17.32   10.98  22 13 35
1  2           1  21 2            1111      1 1  1    19 15 00  - 27 03   120.180  -17.37   11.00  22 13 47
1 12     1        1   11  1   1   1 21   1     1      19 15 12  - 27 03   120.181  -17.41   11.02  22 13 59
 11   12  1   1111112                1     211  1     19 15 24  - 27 03   120.181  -17.45   11.03  22 14 11
   2  1   1  1 1     11       1  11 1      1112 1     19 15 36  - 27 03   120.181  -17.49   11.05  22 14 23
   21 1         121  1 1      1   1   1  22 21  1     19 15 48  - 27 03   120.182  -17.53   11.07  22 14 35
1     2        1  4  32 1    1   2    2 1 1      1    19 16 00  - 27 03   120.182  -17.57   11.09  22 14 47
1 16  1      1     1    11 13  1 11   111   1 1 11    19 16 12  - 27 03   120.183  -17.61   11.10  22 14 59
1 11  1    1      11 1        1  1        1     1     19 16 24  - 27 03   120.183  -17.65   11.12  22 15 11
  1            3   1             1 1       1 2   1    19 16 36  - 27 03   120.183  -17.69   11.14  22 15 23
 6 2           31      1  2 11 1         3111221 1    19 16 48  - 27 03   120.184  -17.74   11.16  22 15 35
1E24  3  12  1 21 1         1 3  1 1     3 1 11 1     19 17 00  - 27 03   120.184  -17.78   11.17  22 15 47
 Q 1 16 1 2  1  1    1               11 11  1 1       19 17 12  - 27 03   120.184  -17.82   11.19  22 15 59
 U31  1      3 7  1              1    2  11    1      19 17 24  - 27 03   120.185  -17.86   11.21  22 16 10
2J1   31 3 111  11 1 12       2 12  2 1 2111 11211    19 17 36  - 27 03   120.185  -17.90   11.23  22 16 22
 51            1  1           1 1   1   121   1 1     19 17 48  - 27 03   120.185  -17.94   11.24  22 16 34
  14   1   113   2  111        11   1   1111111       19 18 00  - 27 03   120.186  -17.98   11.26  22 16 46
 1 3  1   1    1       11 1        1  1 12 112  1     19 18 12  - 27 03   120.186  -18.03   11.28  22 16 58
 1 4      1  1 1  11  2       11  1   1 111 11        19 18 23  - 27 03   120.186  -18.06   11.30  22 17 09
   4  1 1  1 11   111         12 1    1  1211 1       19 18 35  - 27 03   120.187  -18.10   11.31  22 17 21
   1        1    2 1               11    1   2 11     19 18 47  - 27 03   120.187  -18.15   11.33  22 17 33
 1 1  1        11  1      1    1 1      3 2           19 18 59  - 27 03   120.187  -18.19   11.35  22 17 45
   1      1       14    11        1 1     3 1 21 1    19 19 11  - 27 03   120.188  -18.23   11.37  22 17 57
1  1  1        2    1   1 1       11   11112  1 1     19 19 23  - 27 03   120.188  -18.27   11.38  22 18 09
   11 2    1 1 3   1    1    1   1 11   2 11    1     19 19 35  - 27 03   120.188  -18.31   11.40  22 18 21
1  1           1 1   1    11  1  1111 2     11        19 19 47  - 27 03   120.189  -18.35   11.42  22 18 33
2     3      1 3 11              1111   11   11       19 19 59  - 27 03   120.189  -18.39   11.44  22 18 45
2  3  4 1  1   1        1 1   1     1   1 2 111 1     19 20 11  - 27 03   120.190  -18.44   11.45  22 18 57
      1           11            1  112    1   11      19 20 23  - 27 03   120.190  -18.48   11.47  22 19 09
     12 1 1       111     1 21 2   111     1   211    19 20 35  - 27 03   120.190  -18.52   11.49  22 19 21
 2    51   1 1  1     2      1    1 11  1 2 1    1    19 20 47  - 27 03   120.191  -18.56   11.51  22 19 33
 1 2  1        1   1   1    1  1  112     1 1         19 20 59  - 27 03   120.191  -18.60   11.52  22 19 45
   1  1     1         11       11  1 11               19 21 11  - 27 03   120.191  -18.64   11.54  22 19 57
   1      1    2              2  1 12     2  2 1      19 21 23  - 27 03   120.192  -18.68   11.56  22 20 09
2  3  1    2   1 1  1      11     11111    1          19 21 35  - 27 03   120.192  -18.72   11.58  22 20 21
